Size: 131072
Time: 1742527 microseconds
Result;Time;I/0s
101;30;17
187;50;31
173;45;30
164;50;32
159;54;32
178;55;37
168;74;50
178;55;36
185;73;47
192;68;46
166;69;48
173;60;41
173;77;50
175;66;47
184;63;45
165;63;42
152;68;45
184;63;41
155;76;52
170;87;59
159;82;52
158;78;55
179;76;55
113;39;26
173;82;55
170;61;43
176;55;38
155;91;62
151;68;44
164;97;66
150;56;40
161;95;63
169;59;42
178;83;57
183;88;61
172;56;36
168;87;61
190;70;49
177;74;51
155;85;56
172;80;58
162;86;62
149;85;57
142;75;54
179;85;62
160;88;58
155;82;60
158;80;59
171;70;48
156;87;60
164;45;31
102;33;23
164;78;56
180;100;66
172;72;52
168;69;48
123;94;63
167;81;58
154;83;58
119;40;23
159;37;24
170;73;47
185;76;51
160;90;59
159;59;39
181;68;45
154;91;62
164;72;48
187;61;42
165;77;54
175;55;39
148;79;55
168;80;53
159;66;45
151;74;51
146;54;37
159;50;35
155;48;34
175;81;56
91;53;36
147;40;27
186;75;50
171;75;52
155;66;46
165;77;52
160;66;46
154;76;53
168;73;51
162;80;56
161;57;37
168;62;41
162;81;57
168;75;50
160;45;29
188;62;43
168;49;34
168;57;40
171;54;36
146;44;21
112;53;37
